10645
10704
10705
10784
10449
10900
11904
11943
11947
11948
11949
11067
11096
11097
11109
11114
8026
8025
11271
4088
8281
8485
7016
11375
11417
11428
5884
9829
6979
11014
11502
6627
6663
6767
8789
8790
8964
8965
8987
9372
4588
4589
4590
7059
11602
4767
9752
11686
11687
9468
9603
9607
11718
11720
9609
9785
11755
11772
11783
6323
6324
6325
6326
6327
9948
9982
6868
7903
8030
11804
11805
11843
11849
10085
10125
10189
10205
10366
10405
10416
12708
14864
17227
17641
12341
13010
15244
15473
15642
15643
15644
16434
16662
13580
14202
14249
17422
17898
17899
15522
16037
17623
17663
17669
17887
13910
14308
17484
17956
17958
17987
18040
18041
18039
18042
18050
13651
13957
13959
14635
14959
14960
15068
16654
16954
17044
17049
17050
17150
17156
12530
12544
12545
12546
17121
17728
12187
12809
14061
18018
18179
18395
18397
13496
14216
14231
14232
14233
15144
17309
17494
17522
17609
17016
17997
18274
18294
18389
18414
18535
18537
18571
18572
13062
14925
14929
17701
18076
18690
18708
18727
18792
13771
17225
18115
18194
18161
18182
18262
18276
18278
18280
18281
18284
13689
13690
14307
14503
14556
17610
17646
17648
17812
12371
18577
18816
13027
18335
18338
18541
12725
14648
18352
18465
18492
18502
18198
14464
18782
18815
18856
18862
18869
18895
18900
18901
13151
13265
13443
13558
14023
14025
14029
14030
14281
14678
14734
15051
15090
15095
15208
15328
13873
14800
17472
18379
18330
12098
12172
12912
14867
14868
15029
15030
17559
17560
17561
18205
18204
18206
12008
12010
12011
13978
14411
14819
13343
14518
15950
16666
17453
17504
13022
15058
15062
17205
17448
12082
12442
12638
13247
13658
17980
18219
18221
18222
18223
18224
18225
18227
18447
18495
18500
18513
17199
17202
17203
18357
18603
18604
12593
12710
13155
18640
18663
18697
18710
18721
14181
14654
15408
15958
17594
18318
15668
16384
17355
17356
18477
18479
18480
18482
12080
12081
12872
14239
14240
16365
16503
16831
17732
17754
15021
17062
18738
18743
18756
18769
18805
16084
16570
17720
17829
18153
13482
13490
14460
16483
16642
12124
12125
17580
13508
14537
15767
15869
16274
18806
15838
15954
16640
17099
17435
14427
16322
16323
16615
17236
13131
14354
15895
15901
15902
15916
16286
15794
17082
12297
13599
13648
13813
14490
15176
16097
13291
13424
13451
13681
13900
14604
16368
16801
16857
13349
13639
15677
17165
17548
12323
14154
14827
14935
14936
16559
17130
16997
17131
17196
14090
14753
14875
15195
15224
15920
15922
16448
12127
13167
13168
13579
14157
14163
16063
16961
17660
12443
13322
13348
13484
14783
14785
15204
15503
16019
16243
16496
16865
16866
14153
14190
14405
15249
16825
17000
17182
17398
17670
17723
12687
13754
14236
14498
15848
15849
16749
16891
16943
17004
17161
17229
13588
15470
16385
16479
16761
17795
17891
13230
13589
14472
14473
14547
14548
14597
15215
14999
13931
14886
15742
15886
16250
17700
17810
14682
15690
17204
14014
14078
14177
15396
15413
14674
15936
16460
16461
12392
12393
12397
12489
14037
15212
16788
17613
12585
12592
13824
14573
14574
14616
14944
14950
15076
15987
16127
16466
17312
17481
17539
17577
12731
12747
12875
13594
13628
13631
13635
14988
16752
16913
16914
17018
14198
15316
15371
15376
17286
17585
17842
14213
14505
14837
17125
17019
17090
17117
17801
17841
17903
17917
